9.500000000000000000e+00
9.300000000000000711e+00
9.050000000000000711e+00
9.550000000000000711e+00
9.099999999999999645e+00
9.300000000000000711e+00
9.300000000000000711e+00
1.030999999999999943e+02
9.420000000000000284e+01
1.087500000000000000e+02
1.348499999999999943e+02
1.714499999999999886e+02
1.998000000000000114e+02
1.853000000000000114e+02
1.970000000000000000e+02
1.888000000000000114e+02
1.927500000000000000e+02
1.906500000000000057e+02
1.958499999999999943e+02
1.973000000000000114e+02
