9.500000000000000000e+00
9.400000000000000355e+00
9.000000000000000000e+00
9.449999999999999289e+00
9.400000000000000355e+00
9.949999999999999289e+00
1.309999999999999964e+01
1.864999999999999858e+01
2.394999999999999929e+01
4.525000000000000000e+01
1.751999999999999886e+02
1.945999999999999943e+02
1.915999999999999943e+02
1.905000000000000000e+02
1.951500000000000057e+02
1.881999999999999886e+02
2.000000000000000000e+02
1.774499999999999886e+02
1.934000000000000057e+02
1.845500000000000114e+02
