6.000000000000000000e+01
9.099999999999999645e+00
9.300000000000000711e+00
9.400000000000000355e+00
9.550000000000000711e+00
2.225000000000000000e+01
6.684999999999999432e+01
1.161500000000000057e+02
1.565000000000000000e+02
1.564499999999999886e+02
1.584499999999999886e+02
1.689499999999999886e+02
1.669000000000000057e+02
1.500500000000000114e+02
1.541500000000000057e+02
1.212500000000000000e+02
1.197000000000000028e+02
1.206500000000000057e+02
1.280500000000000114e+02
1.010999999999999943e+02
