9.599999999999999645e+00
9.349999999999999645e+00
9.400000000000000355e+00
9.099999999999999645e+00
9.550000000000000711e+00
9.449999999999999289e+00
9.400000000000000355e+00
9.199999999999999289e+00
9.400000000000000355e+00
9.599999999999999645e+00
9.349999999999999645e+00
2.264999999999999858e+01
9.309999999999999432e+01
1.354499999999999886e+02
1.725500000000000114e+02
1.801999999999999886e+02
1.915999999999999943e+02
1.985500000000000114e+02
1.984000000000000057e+02
2.000000000000000000e+02
