9.300000000000000711e+00
9.500000000000000000e+00
9.050000000000000711e+00
9.250000000000000000e+00
9.599999999999999645e+00
9.099999999999999645e+00
2.885000000000000142e+01
1.037000000000000028e+02
9.150000000000000000e+01
1.312500000000000000e+02
1.644000000000000057e+02
1.915999999999999943e+02
1.891500000000000057e+02
1.854499999999999886e+02
1.931500000000000057e+02
2.000000000000000000e+02
1.709000000000000057e+02
1.607500000000000000e+02
1.505999999999999943e+02
1.634499999999999886e+02
