9.550000000000000711e+00
9.400000000000000355e+00
9.500000000000000000e+00
9.550000000000000711e+00
9.449999999999999289e+00
9.349999999999999645e+00
6.434999999999999432e+01
9.400000000000000355e+00
1.200000000000000000e+01
2.560000000000000142e+01
3.545000000000000284e+01
4.345000000000000284e+01
6.250000000000000000e+01
1.035999999999999943e+02
1.566999999999999886e+02
1.670500000000000114e+02
1.830999999999999943e+02
1.916500000000000057e+02
1.843499999999999943e+02
1.862500000000000000e+02
