9.150000000000000355e+00
1.125000000000000000e+01
9.500000000000000000e+00
9.550000000000000711e+00
9.650000000000000355e+00
9.250000000000000000e+00
9.449999999999999289e+00
9.400000000000000355e+00
2.380000000000000071e+01
2.650000000000000000e+01
3.445000000000000284e+01
1.084000000000000057e+02
1.342500000000000000e+02
1.888000000000000114e+02
1.845500000000000114e+02
1.764499999999999886e+02
1.882500000000000000e+02
1.908000000000000114e+02
1.621999999999999886e+02
2.000000000000000000e+02
