9.150000000000000355e+00
9.300000000000000711e+00
9.500000000000000000e+00
9.150000000000000355e+00
9.150000000000000355e+00
9.650000000000000355e+00
2.414999999999999858e+01
1.760000000000000142e+01
1.565000000000000036e+01
3.560000000000000142e+01
5.210000000000000142e+01
1.828000000000000114e+02
1.913499999999999943e+02
1.828499999999999943e+02
1.880500000000000114e+02
1.721999999999999886e+02
1.690000000000000000e+02
1.651500000000000057e+02
1.463499999999999943e+02
1.518499999999999943e+02
