9.599999999999999645e+00
9.199999999999999289e+00
9.300000000000000711e+00
9.400000000000000355e+00
9.199999999999999289e+00
9.349999999999999645e+00
1.375000000000000000e+01
2.014999999999999858e+01
2.294999999999999929e+01
2.169999999999999929e+01
4.464999999999999858e+01
3.400000000000000000e+01
1.790000000000000000e+02
1.814000000000000057e+02
1.649000000000000057e+02
1.740500000000000114e+02
1.785500000000000114e+02
1.379000000000000057e+02
1.278499999999999943e+02
1.042999999999999972e+02
