9.500000000000000000e+00
8.949999999999999289e+00
9.449999999999999289e+00
9.400000000000000355e+00
9.449999999999999289e+00
9.449999999999999289e+00
1.125000000000000000e+01
3.550000000000000000e+01
5.225000000000000000e+01
7.795000000000000284e+01
1.541999999999999886e+02
1.679499999999999886e+02
1.761999999999999886e+02
1.906500000000000057e+02
1.923499999999999943e+02
1.988000000000000114e+02
1.930500000000000114e+02
1.970000000000000000e+02
1.946999999999999886e+02
1.968000000000000114e+02
