9.300000000000000711e+00
9.400000000000000355e+00
9.300000000000000711e+00
9.800000000000000711e+00
9.400000000000000355e+00
9.250000000000000000e+00
9.250000000000000000e+00
9.550000000000000711e+00
9.199999999999999289e+00
9.300000000000000711e+00
9.150000000000000355e+00
6.840000000000000568e+01
1.064000000000000057e+02
1.217000000000000028e+02
1.698499999999999943e+02
1.621999999999999886e+02
1.442500000000000000e+02
1.610000000000000000e+02
1.726999999999999886e+02
1.951999999999999886e+02
