9.400000000000000355e+00
9.199999999999999289e+00
9.449999999999999289e+00
9.400000000000000355e+00
9.199999999999999289e+00
9.199999999999999289e+00
1.294999999999999929e+01
2.035000000000000142e+01
2.464999999999999858e+01
9.034999999999999432e+01
1.627500000000000000e+02
1.803000000000000114e+02
1.790999999999999943e+02
1.878000000000000114e+02
1.908499999999999943e+02
1.910999999999999943e+02
1.969499999999999886e+02
1.924000000000000057e+02
1.803499999999999943e+02
1.722500000000000000e+02
