9.449999999999999289e+00
9.550000000000000711e+00
9.250000000000000000e+00
9.349999999999999645e+00
9.449999999999999289e+00
2.050000000000000000e+01
1.140000000000000036e+01
2.385000000000000142e+01
1.040000000000000000e+02
1.890000000000000000e+02
1.976500000000000057e+02
1.960999999999999943e+02
1.891500000000000057e+02
1.870500000000000114e+02
1.934499999999999886e+02
1.963499999999999943e+02
1.769499999999999886e+02
1.772500000000000000e+02
1.639000000000000057e+02
1.571500000000000057e+02
