1.814999999999999858e+01
9.449999999999999289e+00
9.000000000000000000e+00
9.250000000000000000e+00
9.500000000000000000e+00
9.550000000000000711e+00
1.075000000000000000e+01
1.325000000000000000e+01
1.525000000000000000e+01
6.260000000000000142e+01
6.379999999999999716e+01
1.045999999999999943e+02
1.602500000000000000e+02
1.975000000000000000e+02
1.987500000000000000e+02
1.999000000000000057e+02
1.814000000000000057e+02
1.882500000000000000e+02
1.914000000000000057e+02
1.994499999999999886e+02
