9.250000000000000000e+00
1.700000000000000000e+01
9.800000000000000711e+00
1.025000000000000000e+01
1.409999999999999964e+01
7.084999999999999432e+01
1.530999999999999943e+02
1.373499999999999943e+02
1.843000000000000114e+02
1.925500000000000114e+02
1.983000000000000114e+02
1.996999999999999886e+02
2.000000000000000000e+02
1.995500000000000114e+02
2.000000000000000000e+02
2.000000000000000000e+02
2.000000000000000000e+02
2.000000000000000000e+02
1.997500000000000000e+02
2.000000000000000000e+02
